1 83.6572495 16.3427505 22500
2 80.6986389 2.95861053 15500
3 78.7751999 1.92343903 28200
4 77.3257675 1.44943237 16400
5 76.0044708 1.32129669 30800
6 74.8340912 1.17037964 16200
7 73.7223053 1.11178589 31900
8 72.7067032 1.01560211 16000
9 71.7137604 0.99294281 33700
10 70.7876358 0.926124573 15700
11 69.8898849 0.897750854 34900
12 69.0416107 0.848274231 15300
13 68.1898804 0.851730347 38100
14 67.3818893 0.807991028 14900
15 66.5813904 0.800498962 40300
16 65.8178406 0.763549805 14700
17 65.0735474 0.744293213 41000
18 64.3671494 0.70639801 14700
19 63.6819954 0.685153961 41100
20 63.0223465 0.659648895 14500
21 62.3525009 0.669845581 43900
22 61.7128296 0.639671326 14500
23 61.1081772 0.604652405 41600
24 60.5287857 0.579391479 14800
25 59.9797897 0.548995972 39500
26 59.4463959 0.53339386 14700
27 58.896637 0.549758911 42500
28 58.3684578 0.528179169 14500
29 57.8390236 0.529434204 43600
30 57.3247032 0.514320374 14400
31 56.8159332 0.508769989 43800
32 56.3253288 0.490604401 14500
33 55.8508263 0.474502563 42500
34 55.387455 0.463371277 14400
35 54.9115067 0.475948334 45500
36 54.4443054 0.467201233 14400
37 54.0079536 0.436351776 42400
38 53.5798798 0.428073883 14600
39 53.162056 0.417823792 41800
40 52.7534676 0.408588409 14700
41 52.3556175 0.397850037 41100
42 51.9634476 0.392169952 14800
43 51.5845299 0.378917694 40000
44 51.211731 0.37279892 14800
45 50.8372841 0.374446869 41000
46 50.471199 0.366085052 14600
47 50.0939903 0.37720871 44500
48 49.7129898 0.381000519 14100
49 49.3171844 0.395805359 49200
50 48.9248772 0.392307281 14000
51 48.5514107 0.373466492 47500
52 48.1802101 0.371200562 14000
53 47.8097725 0.370437622 48800
54 47.4442825 0.36548996 14100
55 47.1019554 0.342327118 45100
56 46.7683525 0.333602905 14500
57 46.4552116 0.313140869 41500
58 46.1465454 0.308666229 14700
59 45.8421898 0.304355621 41700
60 45.5386658 0.303524017 14600
61 45.2369461 0.301719666 42800
62 44.9359016 0.301044464 14600
63 44.646801 0.289100647 41200
64 44.3626518 0.28414917 14800
65 44.0854492 0.277202606 40600
66 43.8085289 0.276920319 15000
67 43.54953 0.258998871 37700
68 43.2917252 0.257804871 15100
69 43.031456 0.260269165 39900
70 42.7684021 0.263053894 15000
71 42.5196915 0.248710632 38500
72 42.2682419 0.251449585 15300
73 42.0339775 0.234264374 35900
74 41.7986298 0.235347748 15500
75 41.5675659 0.231063843 36000
76 41.3380814 0.229484558 15600
77 41.1147079 0.223373413 35400
78 40.8912582 0.223449707 15800
79 40.6779671 0.213291168 34700
80 40.4582481 0.219718933 15700
81 40.2466927 0.211555481 35000
82 40.0317345 0.214958191 15800
83 39.826973 0.204761505 34100
84 39.6195984 0.207374573 15800
85 39.4156418 0.203956604 35200
86 39.2083282 0.207313538 15400
87 38.9983253 0.210002899 37600
88 38.7893715 0.208953857 15600
89 38.5959206 0.193450928 34300
90 38.3995323 0.196388245 15800
91 38.2079926 0.191539764 34900
92 38.0134048 0.194587708 16000
93 37.8324432 0.180961609 32500
94 37.6483421 0.184101105 16400
95 37.4731331 0.175209045 31200
96 37.296833 0.176300049 16900
97 37.1293259 0.167507172 29000
98 36.9621849 0.167140961 17500
99 36.8000374 0.162147522 28600
100 36.6349907 0.165046692 17400
101 36.474865 0.160125732 29400
102 36.3097496 0.165115356 17400
103 36.1548233 0.1549263 27400
104 35.99823 0.156593323 18600
105 35.8506966 0.147533417 25200
106 35.6992493 0.151447296 19200
107 35.554821 0.144428253 24300
108 35.4072037 0.14761734 20000
109 35.266407 0.140796661 23100
110 35.1219292 0.144477844 20600
111 34.9836388 0.138290405 22300
112 34.8417473 0.141891479 21700
113 34.7059517 0.135795593 21700
114 34.5660667 0.139884949 22000
115 34.4321136 0.133953094 20700
116 34.2938499 0.138263702 22900
117 34.1618462 0.132003784 20400
118 34.0252533 0.136592865 23400
119 33.8948097 0.130443573 20100
120 33.7599144 0.134895325 23900
121 33.6308784 0.12903595 19400
122 33.4965248 0.134353638 25600
123 33.3668098 0.129714966 18400
124 33.2322845 0.134525299 26600
125 33.103817 0.12846756 18200
126 32.9707222 0.133094788 27000
127 32.8435249 0.127197266 17500
128 32.7070427 0.136482239 29900
129 32.5769501 0.130092621 16900
130 32.4413376 0.135612488 31000
131 32.310112 0.131225586 16300
132 32.171257 0.13885498 33800
133 32.0359726 0.135284424 15500
134 31.88974 0.146232605 37400
135 31.7507172 0.139022827 15100
136 31.6025143 0.148202896 40200
137 31.457468 0.145046234 14300
138 31.2900486 0.167419434 48900
139 31.1287651 0.161283493 13800
140 30.9579639 0.170801163 52200
141 30.7910652 0.166898727 13500
142 30.6118603 0.179204941 57300
143 30.4363556 0.175504684 13100
144 30.2362747 0.200080872 67700
145 30.0409584 0.195316315 12700
146 29.8188 0.222158432 78300
147 29.6064968 0.212303162 12400
148 29.3577366 0.248760223 92100
149 29.1216755 0.236061096 12100
150 28.8317204 0.289955139 113300
151 28.5589428 0.272777557 11800
152 28.2006416 0.358301163 151300
153 27.8560867 0.344554901 11600
154 27.479023 0.377063751 168900
155 27.115778 0.36324501 11400
156 26.5770855 0.538692474 260200
157 26.0662556 0.510829926 11200
158 25.3988209 0.667434692 350800
159 24.7865543 0.612266541 11100
160 24.4929867 0.293567657 153200
161 24.2588463 0.234140396 16400
162 24.1796722 0.0791740417 22300
163 24.1150627 0.0646095276 20100
164 24.0440826 0.070980072 25000
165 23.9789639 0.0651187897 18200
166 23.9058971 0.0730667114 28800
167 23.8382912 0.0676059723 16700
168 23.7615299 0.0767612457 33300
169 23.6898575 0.0716724396 15600
170 23.6085415 0.0813159943 37900
171 23.5324001 0.0761413574 14800
172 23.4454098 0.0869903564 43000
173 23.3644619 0.080947876 14200
174 23.2709789 0.0934829712 49400
175 23.1823959 0.0885829926 13600
176 23.079525 0.102870941 57700
177 22.981596 0.0979290009 13000
178 22.8593597 0.122236252 73400
179 22.7429638 0.11639595 12300
180 22.5707836 0.172180176 112200
181 22.4077053 0.163078308 11700
182 22.13941 0.268295288 190700
183 21.8822136 0.257196426 11300
184 21.4355965 0.446617126 342000
185 21.0210514 0.414545059 11100
186 20.413702 0.607349396 513600
187 19.8740025 0.539699554 11000
188 19.6459045 0.228097916 204300
189 19.4645824 0.181322098 16800
190 19.4126892 0.0518932343 21000
191 19.3745346 0.0381546021 21300
192 19.3321323 0.0424022675 22600
193 19.2946129 0.037519455 20500
194 19.2525082 0.0421047211 24100
195 19.2147846 0.0377235413 18500
196 19.1715717 0.0432128906 27800
197 19.1328526 0.0387191772 17000
198 19.0874252 0.0454273224 31500
199 19.047533 0.0398921967 16100
200 19.0001259 0.0474071503 36700
201 18.9561958 0.0439300537 14500
202 18.8988647 0.0573310852 49700
203 18.846323 0.0525417328 13600
204 18.7835331 0.062789917 57800
205 18.7253456 0.0581874847 13000
206 18.6507397 0.0746059418 74900
207 18.5794048 0.0713348389 12300
208 18.4773407 0.102064133 110000
209 18.3810806 0.0962600708 12100
210 18.2914219 0.0896587372 98000
211 18.2074146 0.0840072632 12000
212 18.0973892 0.110025406 128300
213 17.9931812 0.104207993 11600
214 17.8259678 0.16721344 207700
215 17.6717949 0.154172897 11300
216 17.4274731 0.244321823 333300
217 17.1986828 0.228790283 11100
218 16.8788013 0.319881439 479700
219 16.6000633 0.278738022 11600
220 16.5556946 0.0443687439 38800
221 16.5278664 0.0278282166 19300
222 16.5017738 0.0260925293 25800
223 16.4782982 0.023475647 17300
224 16.4501362 0.0281620026 32700
225 16.4245567 0.0255794525 15500
226 16.3934631 0.0310935974 40800
227 16.3643074 0.0291557312 14300
228 16.3295689 0.0347385406 50100
229 16.2960014 0.0335674286 13700
230 16.2599697 0.036031723 53800
231 16.2252312 0.0347385406 13400
232 16.1867924 0.038438797 58100
233 16.1514988 0.0352935791 13000
234 16.1059437 0.0455551147 75000
235 16.062664 0.0432796478 12300
236 16.0001316 0.0625324249 111500
237 15.9405823 0.0595493317 11900
238 15.8698187 0.070763588 130700
239 15.8042536 0.0655651093 11800
240 15.7336206 0.0706329346 135300
241 15.6685266 0.0650939941 11700
242 15.5890827 0.0794439316 163300
243 15.5134573 0.0756254196 11400
244 15.3809662 0.132491112 293000
245 15.2576847 0.123281479 11200
246 15.116684 0.141000748 336800
247 14.9905605 0.126123428 11500
