     1   78.6465225      21.3534775 863600 
     2   69.4879227      9.15859985 226200 
     3   61.3686562      8.11926651 651600 
     4   56.4329071      4.93574905 215300 
     5   52.2176552      4.21525192 775900 
     6   48.8022003      3.41545486 215100 
     7   46.0806084      2.72159195 786900 
     8   43.6772156      2.40339279 218200 
     9   41.6567154      2.02050018 751300 
    10   39.8227997      1.83391571 222300 
    11   38.2994308      1.52336884 696200 
    12   36.8781357      1.42129517 227400 
    13   35.6741295       1.2040062 650700 
    14   34.5376625      1.13646698 233900 
    15   33.5773773     0.960285187 594900 
    16   32.6622772     0.915100098 242000 
    17   31.8752804     0.786996841 550400 
    18   31.1184883     0.756792068 249800 
    19   30.4594193     0.659069061 519800 
    20   29.8163834     0.643035889 258300 
    21   29.2632008     0.553182602 474800 
    22   28.7232094     0.539991379 267900 
    23   28.2441502     0.479059219 453800 
    24   27.7771416     0.467008591 276900 
    25   27.3627853     0.414356232 427400 
    26   26.9577713     0.405014038 287300 
    27   26.5956154     0.362155914 403000 
    28   26.2426796     0.352935791 297600 
    29   25.9229393     0.319740295 386100 
    30   25.6125507     0.310388565 308000 
    31    25.329071     0.283479691 370600 
    32   25.0546341     0.274436951 317300 
    33   24.8019886     0.252645493 356900 
    34   24.5587063     0.243282318 323300 
    35   24.3326511     0.226055145 357100 
    36   24.1149445      0.21770668 323400 
    37   23.9129028     0.202041626 355200 
    38   23.7180023     0.194900513 326900 
    39   23.5371838     0.180818558 345500 
    40   23.3635445     0.173639297 337600 
    41   23.2011967     0.162347794 333500 
    42   23.0462627     0.154933929 343200 
    43   22.9005928     0.145669937 336600 
    44   22.7614956     0.139097214 337900 
    45   22.6310463     0.130449295 337700 
    46   22.5062943     0.124752045 337000 
    47   22.3894672     0.116827011 341400 
    48   22.2772923     0.112174988 335600 
    49   22.1725368     0.104755402 328200 
    50   22.0724716     0.100065231 351800 
    51   21.9781971    0.0942745209 323100 
    52   21.8885517    0.0896453857 354300 
    53   21.8038998     0.084651947 322600 
    54   21.7235165    0.0803833008 347700 
    55    21.647953    0.0755634308 330000 
    56   21.5758629    0.0720901489 340800 
    57   21.5084171     0.067445755 327000 
    58   21.4438992    0.0645179749 357700 
    59   21.3828869    0.0610122681 315000 
    60    21.325264    0.0576229095 359600 
    61   21.2708321    0.0544319153 315800 
    62   21.2193871    0.0514450073 361700 
    63   21.1706142    0.0487728119 308000 
    64   21.1247311    0.0458831787 365500 
    65     21.08144    0.0432910919 317600 
    66   21.0407276    0.0407123566 352600 
    67   21.0024319    0.0382957458 307700 
    68    20.966198     0.036233902 379300 
    69   20.9316769    0.0345211029 293300 
    70   20.8995476    0.0321292877 395600 
    71   20.8688374    0.0307102203 292000 
    72   20.8407497     0.028087616 383400 
    73   20.8141594    0.0265903473 305200 
    74   20.7896595    0.0244998932 360500 
    75   20.7667122    0.0229473114 310200 
    76    20.745451    0.0212612152 361300 
    77   20.7255325    0.0199184418 309300 
    78   20.7070885    0.0184440613 356700 
    79   20.6900673    0.0170211792 297800 
    80   20.6742287     0.015838623 383000 
    81   20.6595726    0.0146560669 291300 
    82   20.6462307    0.0133419037 384700 
    83   20.6339512    0.0122795105 279900 
    84    20.622736      0.01121521 423100 
    85    20.612257    0.0104789734 272100 
    86   20.6033325   0.00892448425 418300 
    87   20.5949211   0.00841140747 266600 
    88   20.5879555   0.00696563721 398800 
    89   20.5819511    0.0060043335 299800 
    90   20.5767937    0.0051574707 328800 
    91   20.5726566   0.00413703918 309700 
    92   20.5690441   0.00361251831 354200 
    93    20.566309   0.00273513794 253900 
    94   20.5640888   0.00222015381 450500 
    95    20.562645   0.00144386292 227400 
    96   20.5618992  0.000745773315 315500 
    97   20.5617619  0.000137329102 178800 
    98   20.5617523  9.53674316e-06 6800 
