     1   82.7578201      17.2421799 116700 
     2   78.9608154       3.7970047 69900 
     3   76.0446625      2.91615295 129100 
     4   73.5082779      2.53638458 72500 
     5   71.2140045      2.29427338 128900 
     6   69.1184235      2.09558105 72400 
     7   67.1582336      1.96018982 131800 
     8   65.3408737      1.81735992 72200 
     9   63.6390266      1.70184708 132600 
    10   62.0405502      1.59847641 71600 
    11    60.517128      1.52342224 136300 
    12   59.0827179       1.4344101 71100 
    13   57.7182846      1.36443329 137100 
    14   56.4325676      1.28571701 71500 
    15   55.2162476      1.21632004 136300 
    16   54.0508385      1.16540909 71500 
    17   52.9499817      1.10085678 134900 
    18   51.8995399      1.05044174 72000 
    19   50.8981934      1.00134659 134100 
    20   49.9404602     0.957733154 71300 
    21   49.0015106     0.938949585 141700 
    22   48.0944672     0.907043457 69500 
    23   47.2126007     0.881866455 147100 
    24   46.3646927      0.84790802 69600 
    25   45.5680046      0.79668808 143200 
    26   44.7934761     0.774528503 69900 
    27   44.0560417     0.737434387 143300 
    28   43.3392372     0.716804504 70100 
    29   42.6587715     0.680465698 139900 
    30   42.0061951     0.652576447 70600 
    31   41.3692627     0.636932373 141900 
    32   40.7561035      0.61315918 70600 
    33   40.1670113     0.589092255 139500 
    34   39.5997696     0.567241669 70600 
    35   39.0435028     0.556266785 143300 
    36   38.5036316     0.539871216 70400 
    37   37.9883423     0.515289307 139600 
    38   37.4905052     0.497837067 71600 
    39   37.0149498      0.47555542 135200 
    40   36.5536728     0.461277008 72900 
    41   36.1136398     0.440032959 130200 
    42   35.6864738     0.427165985 74100 
    43   35.2748528     0.411621094 127800 
    44    34.874382     0.400470734 74100 
    45   34.4821701     0.392211914 129500 
    46   34.1022301     0.379940033 74300 
    47    33.733757     0.368473053 127400 
    48   33.3763695     0.357387543 75100 
    49   33.0300179     0.346351624 125300 
    50   32.6928749     0.337142944 76600 
    51   32.3704796     0.322395325 120000 
    52   32.0543594     0.316120148 77300 
    53    31.746912     0.307447433 120400 
    54   31.4461918     0.300720215 76800 
    55   31.1510315     0.295160294 123800 
    56   30.8611012     0.289930344 75500 
    57   30.5774899     0.283611298 126000 
    58   30.2998867     0.277603149 75200 
    59   30.0293503     0.270536423 126100 
    60   29.7647324      0.26461792 75400 
    61    29.507637     0.257095337 125600 
    62   29.2549858     0.252651215 75000 
    63   29.0077801     0.247205734 128100 
    64   28.7644444     0.243335724 75000 
    65   28.5303421     0.234102249 125500 
    66   28.2997303     0.230611801 75500 
    67    28.076025     0.223705292 124400 
    68   27.8567047     0.219320297 76200 
    69    27.643856     0.212848663 123100 
    70   27.4344559     0.209400177 77300 
    71   27.2333317     0.201124191 119600 
    72   27.0340595     0.199272156 77100 
    73   26.8393478     0.194711685 121800 
    74   26.6474953      0.19185257 76200 
    75   26.4585381     0.188957214 125000 
    76   26.2730217     0.185516357 76400 
    77   26.0938072     0.179214478 120900 
    78   25.9180069     0.175800323 77700 
    79    25.746912     0.171094894 119700 
    80   25.5781708     0.168741226 78300 
    81   25.4148808     0.163290024 115800 
    82    25.254961     0.159919739 80800 
    83    25.100071      0.15489006 111100 
    84   24.9476643     0.152406693 83100 
    85   24.7999821      0.14768219 109300 
    86   24.6528759     0.147106171 82100 
    87   24.5095634     0.143312454 110800 
    88   24.3677235     0.141839981 81900 
    89   24.2293587     0.138364792 111600 
    90   24.0923882      0.13697052 83100 
    91   23.9604263     0.131961823 105700 
    92   23.8300877     0.130338669 86300 
    93    23.703537     0.126550674 103800 
    94   23.5776844     0.125852585 87100 
    95   23.4558468     0.121837616 101700 
    96   23.3346939     0.121152878 88000 
    97   23.2169247     0.117769241 100900 
    98   23.1000156     0.116909027 89600 
    99   22.9865837     0.113431931 100000 
   100    22.873436     0.113147736 88300 
   101   22.7634277      0.11000824 100800 
   102   22.6540737     0.109354019 90100 
   103   22.5480576     0.106016159 97200 
   104   22.4425545     0.105503082 92200 
   105   22.3400936     0.102460861 95300 
   106   22.2379799     0.102113724 95600 
   107   22.1388035    0.0991764069 92100 
   108   22.0398426    0.0989608765 96700 
   109   21.9438057     0.096036911 92100 
   110   21.8479366    0.0958690643 97100 
   111   21.7548809    0.0930557251 90900 
   112   21.6618023    0.0930786133 99600 
   113   21.5714664    0.0903358459 89000 
   114   21.4810905    0.0903759003 99100 
   115   21.3937321    0.0873584747 90400 
   116   21.3061981    0.0875339508 99100 
   117   21.2214184    0.0847797394 89800 
   118    21.136488    0.0849304199 101900 
   119   21.0537987    0.0826892853 85500 
   120   20.9705315    0.0832672119 109000 
   121   20.8891506    0.0813808441 83800 
   122   20.8086796    0.0804710388 106500 
   123   20.7303104    0.0783691406 82900 
   124   20.6511898     0.079120636 110600 
   125   20.5747986    0.0763912201 81700 
   126   20.4975719    0.0772266388 114500 
   127   20.4224796    0.0750923157 80400 
   128    20.347681     0.074798584 112500 
   129   20.2754116    0.0722694397 82200 
   130   20.2033672    0.0720443726 110300 
   131   20.1334057    0.0699615479 81100 
   132   20.0624847    0.0709209442 115700 
   133   19.9936352    0.0688495636 79200 
   134   19.9243507    0.0692844391 117300 
   135   19.8573151     0.067035675 79100 
   136   19.7900677    0.0672473907 116800 
   137   19.7250671    0.0650005341 79300 
   138   19.6599388    0.0651283264 115000 
   139   19.5972576    0.0626811981 78400 
   140   19.5325966     0.064661026 125000 
   141   19.4693928    0.0632038116 74500 
   142   19.4049988    0.0643939972 131500 
   143   19.3425884    0.0624103546 72900 
   144   19.2789993    0.0635890961 134500 
   145   19.2182102    0.0607891083 72400 
   146   19.1560001     0.062210083 138200 
   147   19.0958595    0.0601406097 71300 
   148    19.034893    0.0609664917 141500 
   149   18.9757824    0.0591106415 69000 
   150   18.9129982    0.0627841949 160400 
   151   18.8510075    0.0619907379 65500 
   152   18.7862167    0.0647907257 174500 
   153   18.7237797    0.0624370575 64900 
   154   18.6617622    0.0620174408 170400 
   155   18.6025486    0.0592136383 65000 
   156    18.541523    0.0610256195 174200 
   157   18.4834385    0.0580844879 65200 
   158   18.4256325     0.057806015 171700 
   159   18.3691063    0.0565261841 64600 
   160   18.3115826    0.0575237274 176200 
   161   18.2565289    0.0550537109 63300 
   162   18.1967144    0.0598144531 199300 
   163   18.1382008    0.0585136414 60700 
   164   18.0749245    0.0632762909 226800 
   165   18.0129089    0.0620155334 60800 
   166    17.957634    0.0552749634 196000 
   167   17.9039097    0.0537242889 62300 
   168   17.8507347    0.0531749725 192700 
   169   17.7996159    0.0511188507 63400 
   170   17.7507305    0.0488853455 176000 
   171   17.7043781    0.0463523865 63300 
   172   17.6533203    0.0510578156 199700 
   173   17.6038971    0.0494232178 60500 
   174   17.5488873    0.0550098419 234500 
   175    17.494751    0.0541362762 59700 
   176   17.4443722    0.0503787994 218100 
   177   17.3948212    0.0495510101 58600 
   178   17.3373127    0.0575084686 265700 
   179   17.2827129     0.054599762 56600 
   180   17.2208214    0.0618915558 304500 
   181   17.1624413     0.058380127 55200 
   182   17.0956917    0.0667495728 359400 
   183   17.0302219    0.0654697418 54000 
   184   16.9614182    0.0688037872 390500 
   185   16.8948517    0.0665664673 54200 
   186   16.8360767    0.0587749481 341200 
   187   16.7799416    0.0561351776 55100 
   188   16.7264366    0.0535049438 327700 
   189   16.6734123     0.053024292 54800 
   190   16.6182556    0.0551567078 353800 
   191   16.5644054     0.053850174 54400 
   192   16.5104046    0.0540008545 365500 
   193   16.4571114    0.0532932281 54300 
   194   16.4059124    0.0511989594 353500 
   195   16.3571529    0.0487594604 54100 
   196   16.3033752    0.0537776947 396000 
   197   16.2515106     0.051864624 53000 
   198    16.190836    0.0606746674 476500 
   199   16.1328945    0.0579414368 52100 
   200   16.0685024    0.0643920898 541300 
   201   16.0066586    0.0618438721 52600 
   202   15.9600706     0.046587944 401000 
   203   15.9148436    0.0452270508 53500 
   204    15.869482    0.0453615189 405100 
   205   15.8259706    0.0435113907 53700 
   206   15.7843304    0.0416402817 378100 
    42   35.6864738     0.427165985 74100 
   207   15.7455082    0.0388221741 54500 
   208   15.7093544    0.0361537933 343700 
   209   15.6739759    0.0353784561 53700 
   210   15.6293974    0.0445785522 442100 
   211   15.5882759    0.0411214828 52200 
   212   15.5352573    0.0530185699 574300 
   213   15.4845734    0.0506839752 51600 
   214    15.435813    0.0487604141 561600 
   215   15.3879595    0.0478534698 51500 
   216   15.3436813    0.0442781448 523500 
   217   15.3019886    0.0416927338 53400 
   218   15.2735519    0.0284366608 324800 
   219   15.2468815    0.0266704559 56900 
   220   15.2251358    0.0217456818 238300 
   221    15.204833    0.0203027725 60800 
   222   15.1854458    0.0193872452 210300 
   223    15.167284    0.0181617737 61900 
   224   15.1497154    0.0175685883 197500 
   225   15.1322155    0.0174999237 60000 
   226   15.1113749    0.0208406448 253800 
   227   15.0908709    0.0205039978 58100 
   228   15.0704803    0.0203905106 257700 
   229   15.0499268    0.0205535889 58500 
   230   15.0311232    0.0188035965 232500 
   231   15.0128736    0.0182495117 58200 
   232   14.9919329    0.0209407806 270300 
