     1   81.3293762      18.6706238 302100 
     2   75.5484161      5.78096008 74400 
     3   72.0786209      3.46979523 154700 
     4   69.1460876      2.93253326 80400 
     5   67.0123672       2.1337204 127000 
     6   64.8653183      2.14704895 88100 
     7   63.0839462      1.78137207 114300 
     8   61.3325539      1.75139236 95200 
     9   59.7806282      1.55192566 108100 
    10   58.2753487      1.50527954 97600 
    11   56.9005241      1.37482452 106300 
    12   55.5781288      1.32239532 100500 
    13   54.3520584       1.2260704 104300 
    14   53.1759071      1.17615128 101700 
    15   52.0757217      1.10018539 101800 
    16   51.0219879      1.05373383 104300 
    17   50.0289917     0.992996216 100700 
    18   49.0791779     0.949813843 104400 
    19   48.1804352     0.898742676 101600 
    20   47.3201561     0.860279083 105100 
    21   46.5030594      0.81709671 100000 
    22   45.7211304     0.781929016 106600 
    23   44.9754524     0.745677948 99400 
    24   44.2634239     0.712028503 106000 
    25    43.582962     0.680461884 99900 
    26   42.9325447     0.650417328 106000 
    27   42.3096275     0.622917175 101100 
    28   41.7145348     0.595092773 103600 
    29   41.1442947     0.570240021 102200 
    30   40.5982475     0.546047211 104400 
    31   40.0742264     0.524021149 101800 
    32   39.5730286     0.501197815 103400 
    33   39.0912018     0.481826782 103800 
    34   38.6300926     0.461109161 103100 
    35   38.1863022     0.443790436 101300 
    36   37.7627106     0.423591614 105000 
    37   37.3530693     0.409641266 102500 
    38    36.963253     0.389816284 102400 
    39   36.5856209     0.377632141 103600 
    40   36.2265091     0.359111786 102400 
    41   35.8779564     0.348552704 105700 
    42   35.5461311     0.331825256 100800 
    43   35.2244263     0.321704865 104900 
    44   34.9189224     0.305503845 100500 
    45   34.6217003     0.297222137 107400 
    46   34.3393478     0.282352448 98800 
    47   34.0647964     0.274551392 108100 
    48   33.8044052     0.260391235 97800 
    49   33.5506325     0.253772736 110900 
    50   33.3093987     0.241233826 95400 
    51   33.0747604     0.234638214 113400 
    52   32.8516693     0.223091125 94900 
    53   32.6357002     0.215969086 113700 
    54   32.4299431     0.205757141 93900 
    55   32.2305565     0.199386597 114900 
    56   32.0410843     0.189472198 92500 
    57   31.8567963     0.184288025 117200 
    58   31.6823387      0.17445755 92100 
    59   31.5129719     0.169366837 116200 
    60   31.3537273     0.159244537 93000 
    61   31.1983147     0.155412674 117200 
    62   31.0515709     0.146743774 91100 
    63   30.9085197     0.143051147 120700 
    64   30.7730083     0.135511398 88900 
    65   30.6414928     0.131515503 124000 
    66   30.5169258     0.124567032 86100 
    67   30.3949947     0.121931076 131100 
    68   30.2799072     0.115087509 84300 
    69   30.1686726     0.111234665 134800 
    70   30.0629768     0.105695724 82100 
    71   29.9608383     0.102138519 140900 
    72   29.8639126    0.0969257355 81600 
    73   29.7728329    0.0910797119 137400 
    74   29.6870594     0.085773468 81600 
    75   29.6047726    0.0822868347 139200 
    76   29.5279655    0.0768070221 81700 
    77   29.4549999    0.0729656219 135500 
    78   29.3879833    0.0670166016 82000 
    79   29.3228474    0.0651359558 139300 
    80   29.2624798    0.0603675842 80900 
    81   29.2052422    0.0572376251 141700 
    82   29.1515179    0.0537242889 77200 
    83   29.0991154    0.0524024963 156000 
    84   29.0512047    0.0479106903 75500 
    85   29.0061226    0.0450820923 156000 
    86   28.9658699    0.0402526855 73800 
    87   28.9263363    0.0395336151 172200 
    88   28.8907738    0.0355625153 70100 
    89    28.856287    0.0344867706 192700 
    90   28.8261719    0.0301151276 68300 
    91   28.7994862    0.0266857147 187200 
    92   28.7777939     0.021692276 67400 
    93   28.7573071    0.0204868317 194700 
    94   28.7420311    0.0152759552 67100 
    95   28.7290802    0.0129508972 191200 
    96   28.7194195   0.00966072083 62000 
    97   28.7117901   0.00762939453 202600 
    98   28.7085266   0.00326347351 61900 
    99   28.7073307   0.00119590759 103700 
   100   28.7073021  2.86102295e-05 3000 
