1 83.6609344 16.3390656 22500
2 80.7479248 2.91300964 15400
3 78.8303833 1.9175415 28900
4 77.4195862 1.41079712 15900
5 76.1043472 1.31523895 32800
6 74.9874191 1.1169281 15700
7 73.921875 1.06554413 34100
8 72.9721832 0.949691772 15200
9 72.0087128 0.963470459 38200
10 71.1539078 0.854804993 14700
11 70.2915878 0.862319946 40900
12 69.5371246 0.754463196 14300
13 68.7424393 0.794685364 46100
14 68.0396271 0.702812195 13900
15 67.3318787 0.707748413 49000
16 66.7071152 0.624763489 13500
17 66.0287323 0.678382874 56500
18 65.4491806 0.579551697 13000
19 64.7780151 0.671165466 69700
20 64.2110367 0.566978455 12600
21 63.6033592 0.60767746 79100
22 63.097744 0.505615234 12300
23 62.5385895 0.55915451 93300
24 62.0950775 0.443511963 11900
25 61.530632 0.564445496 126700
26 61.1490555 0.381576538 11500
27 60.6447334 0.504322052 178400
28 60.4045219 0.240211487 11000
29 60.1675644 0.23695755 191800
30 60.1650009 0.00256347656 8000
31 60.1648216 0.000179290771 3700
32 60.1647797 4.19616699e-05 4600
