1 81.1063919 18.8936081 222300
2 75.4065323 5.69985962 111400
3 71.7853394 3.62119293 175000
4 68.7675629 3.01777649 117400
5 66.1208649 2.646698 182100
6 63.7675476 2.35331726 116800
7 61.6430359 2.12451172 183800
8 59.7179832 1.92505264 117300
9 57.9496727 1.76831055 183200
10 56.3327599 1.61691284 119000
11 54.8388481 1.49391174 178200
12 53.4611092 1.37773895 121200
13 52.1699791 1.29113007 175200
14 50.9702454 1.19973373 122000
15 49.8305855 1.13965988 177700
16 48.7590675 1.07151794 119700
17 47.7307396 1.02832794 183200
18 46.7659187 0.964820862 118200
19 45.8357582 0.930160522 187600
20 44.9593086 0.876449585 116200
21 44.108017 0.851291656 193300
22 43.3071823 0.800834656 115200
23 42.5325737 0.774608612 194100
24 41.8044586 0.728115082 114700
25 41.0932961 0.711162567 198600
26 40.4206467 0.672649384 111700
27 39.7495232 0.671123505 211900
28 39.1170235 0.632499695 108600
29 38.4868736 0.630149841 222400
30 37.8946953 0.592178345 107400
31 37.3168564 0.577838898 225300
32 36.7673607 0.549495697 105200
33 36.2173042 0.550056458 239900
34 35.697155 0.520149231 101700
35 35.1608086 0.536346436 263500
36 34.660675 0.500133514 98900
37 34.1494675 0.511207581 283900
38 33.6683617 0.481105804 97000
39 33.1930809 0.475280762 290600
40 32.7507172 0.442363739 95800
41 32.2993736 0.451343536 311800
42 31.8747559 0.424617767 94300
43 31.4580536 0.416702271 318900
44 31.0680332 0.39002037 92500
45 30.6571903 0.410842896 352400
46 30.2834682 0.373722076 90200
47 29.8802471 0.40322113 399300
48 29.5094643 0.370782852 87800
49 29.1183681 0.391096115 443800
50 28.7626572 0.355710983 85600
51 28.3691673 0.393489838 520100
52 28.0176601 0.351507187 83500
53 27.6304092 0.3872509 611500
54 27.2845573 0.345851898 81000
55 26.861414 0.423143387 808600
56 26.5064888 0.354925156 79400
57 26.1273594 0.37912941 935700
58 25.8093662 0.317993164 77200
59 25.3786411 0.430725098 1099900
60 25.2069683 0.171672821 78200
61 24.9273586 0.27960968 1099800
62 24.7854061 0.141952515 76700
63 24.5650196 0.220386505 1099900
64 24.5035 0.0615196228 79000
65 24.3957729 0.107727051 1096300
66 24.3298931 0.0658798218 73700
67 24.2516918 0.0782012939 1099900
68 24.2379475 0.0137443542 175100
69 24.2303333 0.00761413574 209600
70 24.227066 0.00326728821 76500
71 24.217556 0.00951004028 692000
72 24.2174625 9.3460083e-05 30900
