     1   80.2209473      19.7790527 470000 
     2   72.9055328      7.31541443 111400 
     3   67.3741913      5.53134155 282200 
     4   63.5030937      3.87109756 111700 
     5   60.4071198      3.09597397 284900 
     6   57.6764336      2.73068619 115200 
     7   55.3991928      2.27724075 271900 
     8   53.3262978      2.07289505 118800 
     9   51.5427704      1.78352737 259400 
    10   49.8820076      1.66076279 120500 
    11   48.3892365      1.49277115 260400 
    12   46.9846802      1.40455627 122400 
    13   45.7411957       1.2434845 247500 
    14   44.5590172       1.1821785 125100 
    15   43.4883575      1.07065964 239600 
    16   42.4685173      1.01984024 127600 
    17   41.5362587     0.932258606 232000 
    18   40.6428146     0.893444061 129100 
    19   39.8150635      0.82775116 228800 
    20   39.0215111     0.793552399 129600 
    21   38.2775879     0.743923187 228600 
    22   37.5658302      0.71175766 130600 
    23   36.9003792      0.66545105 225200 
    24   36.2599983     0.640380859 132800 
    25   35.6670837     0.592914581 216500 
    26   35.0934219     0.573661804 134200 
    27   34.5549088     0.538513184 215000 
    28   34.0348549     0.520053864 133700 
    29   33.5414848     0.493370056 217300 
    30   33.0671387     0.474346161 135600 
    31    32.623806     0.443332672 208500 
    32   32.1961327      0.42767334 138900 
    33   31.7946434     0.401489258 200800 
    34   31.4076118     0.387031555 139900 
    35     31.03899     0.368621826 202100 
    36   30.6839848     0.355005264 139800 
    37   30.3469124     0.337072372 199600 
    38   30.0234356     0.323476791 139700 
    39   29.7132702     0.310165405 203600 
    40   29.4145622     0.298707962 138100 
    41   29.1300774     0.284484863 204100 
    42   28.8566971      0.27338028 138800 
    43   28.5970535     0.259643555 203700 
    44   28.3456707     0.251382828 138300 
    45   28.1080399     0.237630844 200200 
    46   27.8802776     0.227762222 140100 
    47   27.6628132     0.217464447 200900 
    48   27.4530411      0.20977211 139100 
    49   27.2540607     0.198980331 198700 
    50    27.063385     0.190675735 142200 
    51   26.8825474     0.180837631 190200 
    52   26.7103233     0.172224045 143900 
    53   26.5443535     0.165969849 189400 
    54   26.3873329     0.157020569 142400 
    55   26.2346859     0.152647018 196200 
    56   26.0894241     0.145261765 139600 
    57   25.9497871     0.139636993 197100 
    58   25.8174057     0.132381439 140100 
    59   25.6903286     0.127077103 196800 
    60    25.569376     0.120952606 137400 
    61    25.452673     0.116703033 201700 
    62   25.3424282     0.110244751 132800 
    63   25.2338619     0.108566284 220200 
    64   25.1305275     0.103334427 127000 
    65   25.0299549     0.100572586 238100 
    66   24.9332943     0.096660614 121400 
    67   24.8392715    0.0940227509 259300 
    68   24.7495098     0.089761734 119300 
    69    24.665678    0.0838317871 255500 
    70   24.5870113     0.078666687 118900 
    71   24.5114517    0.0755596161 259900 
    72   24.4413166    0.0701351166 117400 
    73   24.3732548    0.0680618286 271600 
    74   24.3096294    0.0636253357 115300 
    75   24.2491417    0.0604877472 279300 
    76   24.1925468    0.0565948486 114000 
    77   24.1396065    0.0529403687 269800 
    78   24.0929184    0.0466880798 115700 
    79   24.0476894    0.0452289581 264800 
    80   24.0074062    0.0402832031 113100 
    81   23.9666042     0.040802002 288600 
    82   23.9309101    0.0356941223 106400 
    83   23.8912354    0.0396747589 373400 
    84   23.8562908    0.0349445343 100500 
    85   23.8214703    0.0348205566 411600 
    86   23.7939548    0.0275154114 94300 
    87   23.7592278    0.0347270966 613500 
    88   23.7338657    0.0253620148 90400 
    89   23.7114258    0.0224399567 650900 
    90   23.7006931    0.0107326508 82600 
    91    23.694418     0.006275177 357800 
    92    23.691761   0.00265693665 145300 
    93   23.6908951  0.000865936279 161000 
