1 79.2173004 20.7826996 549800
2 70.9325943 8.28470612 232400
3 65.4902191 5.44237518 459300
4 61.2829285 4.20729065 244500
5 57.7624016 3.52052689 464400
6 54.783596 2.97880554 246900
7 52.2113914 2.57220459 459900
8 49.9506531 2.26073837 249700
9 47.9317741 2.01887894 460900
10 46.1187897 1.81298447 250800
11 44.4705276 1.64826202 464900
12 42.9624023 1.50812531 251000
13 41.5855713 1.37683105 463800
14 40.3152313 1.27033997 251400
15 39.1382561 1.17697525 469000
16 38.0435143 1.09474182 250800
17 37.0274734 1.0160408 475400
18 36.069809 0.95766449 250000
19 35.188694 0.88111496 470900
20 34.3598862 0.828807831 252400
21 33.5942879 0.765598297 463900
22 32.8712845 0.723003387 254700
23 32.2013931 0.669891357 458100
24 31.565752 0.635641098 258400
25 30.9826946 0.583057404 442300
26 30.4260826 0.556612015 262300
27 29.9110718 0.515010834 434400
28 29.4187241 0.492347717 267000
29 28.9657421 0.452981949 420700
30 28.5297184 0.436023712 271800
31 28.1280212 0.401697159 411000
32 27.7394505 0.388570786 277700
33 27.3838272 0.355623245 394500
34 27.038517 0.345310211 286600
35 26.722559 0.315958023 372700
36 26.4159431 0.306615829 297400
37 26.1327057 0.283237457 365900
38 25.8559914 0.276714325 305200
39 25.6023312 0.253660202 345700
40 25.3536606 0.248670578 317100
41 25.124773 0.228887558 340000
42 24.8994923 0.225280762 321700
43 24.6925354 0.206956863 324300
44 24.4881535 0.204381943 345600
45 24.3002167 0.187936783 307800
46 24.1138058 0.186410904 361400
47 23.942564 0.17124176 300100
48 23.7730198 0.16954422 364100
49 23.6179466 0.155073166 299200
50 23.4638577 0.154088974 372600
51 23.3223114 0.141546249 287900
52 23.1806297 0.141681671 396700
53 23.0502224 0.130407333 271900
54 22.9177322 0.132490158 433200
55 22.7967091 0.121023178 262300
56 22.6752777 0.121431351 455900
57 22.5632496 0.112028122 251500
58 22.4494762 0.113773346 488000
59 22.3465481 0.102928162 245500
60 22.2420654 0.104482651 520200
61 22.145853 0.0962123871 237300
62 22.0492516 0.0966014862 544300
63 21.9621639 0.0870876312 231100
64 21.8709888 0.0911750793 603800
65 21.7885818 0.0824069977 225800
66 21.7075195 0.0810623169 613900
67 21.6337757 0.0737438202 220000
68 21.556488 0.077287674 668700
69 21.489933 0.0665550232 217000
70 21.4207973 0.0691356659 706300
71 21.3598995 0.0608978271 209200
72 21.2921104 0.0677890778 851600
73 21.2317352 0.0603752136 196000
74 21.1564655 0.0752696991 1098700
75 21.1012745 0.05519104 193900
76 21.0421047 0.0591697693 1099700
77 20.9964905 0.0456142426 190800
78 20.9452209 0.0512695312 1099700
79 20.9135113 0.031709671 200200
80 20.8827801 0.0307312012 916600
81 20.8571491 0.0256309509 199100
82 20.8323689 0.0247802734 951300
83 20.8114719 0.0208969116 194900
84 20.7905445 0.0209274292 1015000
85 20.7752914 0.015253067 191600
86 20.7587471 0.016544342 1095700
87 20.7483845 0.0103626251 190000
88 20.7379475 0.0104370117 1090500
89 20.7319374 0.00601005554 189300
90 20.7271881 0.0047492981 931900
91 20.7249603 0.0022277832 179600
92 20.7237473 0.00121307373 688800
93 20.7237015 4.57763672e-05 81400
