1 82.7556305 17.2443695 116700
2 78.9541397 3.80149078 70200
3 76.0646057 2.889534 127000
4 73.5409241 2.52368164 72800
5 71.2531204 2.28780365 128000
6 69.1697006 2.0834198 73300
7 67.2492447 1.92045593 127600
8 65.4602051 1.78903961 73600
9 63.8006287 1.65957642 127100
10 62.2385902 1.56203842 73300
11 60.7607651 1.47782516 129900
12 59.3670311 1.39373398 73200
13 58.0565338 1.31049728 129400
14 56.8117332 1.24480057 73200
15 55.6331329 1.17860031 129800
16 54.5124359 1.12069702 73700
17 53.4583282 1.05410767 128300
18 52.4445763 1.01375198 73300
19 51.4774742 0.967102051 129200
20 50.5599365 0.917537689 73800
21 49.6832581 0.876678467 128500
22 48.8454514 0.837806702 74600
23 48.0559311 0.789520264 124600
24 47.2967072 0.759223938 75000
25 46.5692291 0.727478027 126000
26 45.8678703 0.701358795 74600
27 45.1969185 0.670951843 126200
28 44.5525246 0.644393921 74900
29 43.9366074 0.615917206 125300
30 43.3438492 0.592758179 75100
31 42.7757225 0.568126678 123900
32 42.2327347 0.542987823 75700
33 41.708477 0.52425766 124200
34 41.2043228 0.504154205 74900
35 40.7136841 0.490638733 127500
36 40.2421722 0.471511841 74400
37 39.7882957 0.453876495 126800
38 39.353569 0.434726715 75100
39 38.9367027 0.416866302 124200
40 38.5368881 0.399814606 75800
41 38.1516724 0.385215759 122400
42 37.7834625 0.368209839 76500
43 37.4271507 0.356311798 122200
44 37.0842934 0.342857361 75900
45 36.7508659 0.333427429 124100
46 36.431118 0.319747925 74800
47 36.1166191 0.314498901 128800
48 35.8154449 0.301174164 72900
49 35.5165672 0.298877716 135700
50 35.2310371 0.28553009 70800
51 34.9458427 0.285194397 142900
52 34.6764526 0.269390106 69600
53 34.4090691 0.267383575 147000
54 34.1568413 0.252227783 69400
55 33.9121742 0.244667053 146000
56 33.679287 0.232887268 69000
57 33.4510155 0.228271484 149100
58 33.2341385 0.216876984 68200
59 33.0203819 0.213756561 151000
60 32.8216896 0.198692322 67900
61 32.6222954 0.199394226 156500
62 32.4351616 0.187133789 66700
63 32.2484398 0.186721802 161200
64 32.0749474 0.173492432 65300
65 31.8955307 0.179416656 176100
66 31.728014 0.167516708 63100
67 31.5549641 0.173049927 192000
68 31.39534 0.1596241 61700
69 31.2333431 0.161996841 201500
70 31.0862484 0.147094727 60600
71 30.9330902 0.153158188 217400
72 30.7952309 0.137859344 59400
73 30.6524868 0.142744064 233400
74 30.5245361 0.127950668 57700
75 30.3835983 0.140937805 273100
76 30.2591686 0.124429703 55200
77 30.1085644 0.150604248 357000
78 29.9816074 0.12695694 53500
79 29.8457947 0.135812759 406400
80 29.7350826 0.110712051 51100
81 29.5587845 0.176298141 731800
82 29.4419136 0.11687088 49800
83 29.3452702 0.0966434479 721900
84 29.2932568 0.0520133972 47600
85 29.2531853 0.0400714874 752100
