     1   83.6603317      16.3396683 22500 
     2   80.7481232      2.91220856 15400 
     3   78.8287201      1.91940308 28900 
     4   77.4186096      1.41011047 16000 
     5   76.1169891      1.30162048 32100 
     6   75.0096817      1.10730743 15600 
     7   73.9112549      1.09842682 35500 
     8    72.943634      0.96762085 15000 
     9   71.9599457     0.983688354 39500 
    10   71.0904312     0.869514465 14500 
    11   70.2045746     0.885856628 43100 
    12   69.4263153     0.778259277 14200 
    13   68.6447906     0.781524658 45000 
    14   67.9666519     0.678138733 14000 
    15   67.2681198     0.698532104 48200 
    16   66.6577072     0.610412598 13700 
    17   66.0245438     0.633163452 52600 
    18   65.4681168     0.556427002 13300 
    19   64.8689423       0.5991745 60300 
    20   64.3527832     0.516159058 12800 
    21   63.7498665     0.602916718 76000 
    22   63.2439537     0.505912781 12200 
    23   62.5868492     0.657104492 107300 
    24   62.0870514     0.499797821 11800 
    25   61.4968414     0.590209961 134400 
    26   61.1032715     0.393569946 11600 
    27   60.6974792     0.405792236 144700 
    28   60.4753075     0.222171783 11100 
    29   60.1895638     0.285743713 200400 
    30   60.1729736    0.0165901184 10100 
    31   60.1711273   0.00184631348 18000 
    32   60.1707458  0.000381469727 9800 
