     1   81.3246155      18.6753845 302900 
     2   75.5461426       5.7784729 74700 
     3   72.0262833      3.51985931 157600 
     4   69.0550232      2.97126007 79600 
     5   66.9040604      2.15096283 128500 
     6   64.7401962      2.16386414 87300 
     7    62.941803      1.79839325 116800 
     8   61.1666183      1.77518463 92900 
     9   59.5963783      1.57024002 110300 
    10   58.0694199      1.52695847 97500 
    11   56.6749649      1.39445496 105900 
    12   55.3289948      1.34597015 100300 
    13   54.0779114      1.25108337 105000 
    14   52.8723373      1.20557404 100300 
    15   51.7434235      1.12891388 105100 
    16   50.6539459      1.08947754 101400 
    17   49.6299667      1.02397919 103000 
    18   48.6405563       0.9894104 103900 
    19   47.7057915     0.934764862 101600 
    20   46.8022156     0.903575897 103900 
    21   45.9462128     0.856002808 101700 
    22   45.1168785     0.829334259 104400 
    23   44.3296776     0.787200928 101000 
    24   43.5657463     0.763931274 105200 
    25   42.8391838       0.7265625 100600 
    26      42.1334     0.705783844 106400 
    27   41.4599228     0.673477173 99500 
    28    40.806179     0.653743744 105200 
    29   40.1818848     0.624294281 102900 
    30   39.5743828     0.607501984 103000 
    31    38.993721     0.580661774 102200 
    32   38.4277191     0.566001892 104800 
    33   37.8855743     0.542144775 100900 
    34   37.3572006     0.528373718 104700 
    35   36.8503113     0.506889343 101700 
    36   36.3562088     0.494102478 105100 
    37   35.8807716     0.475437164 100800 
    38   35.4177208     0.463050842 106800 
    39   34.9704323     0.447288513 98100 
    40   34.5351257     0.435306549 109200 
    41   34.1136742     0.421451569 96800 
    42    33.703846     0.409828186 111700 
    43   33.3052597     0.398586273 96900 
    44   32.9206009     0.384658813 107800 
    45   32.5460815     0.374519348 99800 
    46   32.1833839     0.362697601 107000 
    47   31.8294315     0.353952408 100600 
    48   31.4868088     0.342622757 104100 
    49   31.1523075     0.334501266 102300 
    50   30.8279152     0.324392319 103900 
    51   30.5110283     0.316886902 103100 
    52   30.2034969     0.307531357 103000 
    53   29.9028301     0.300666809 104700 
    54   29.6107616     0.292068481 101600 
    55   29.3252506     0.285511017 105600 
    56   29.0475006     0.277750015 100400 
    57   28.7759132     0.271587372 106800 
    58    28.511528     0.264385223 100100 
    59   28.2531261     0.258401871 105200 
    60   28.0019913     0.251134872 101900 
    61   27.7558537     0.246137619 104800 
    62   27.5167027     0.239151001 101500 
    63   27.2817516     0.234951019 106400 
    64   27.0533199     0.228431702 100000 
    65   26.8290043     0.224315643 108000 
    66   26.6105175     0.218486786 98000 
    67   26.3958206     0.214696884 108300 
    68   26.1874619     0.208358765 100300 
    69   25.9828186      0.20464325 106400 
    70   25.7838688     0.198949814 99200 
    71    25.587532     0.196336746 108700 
    72   25.3968754     0.190656662 100300 
    73   25.2095451     0.187330246 105900 
    74   25.0273132     0.182231903 99200 
    75   24.8472595     0.180053711 109200 
    76    24.672308     0.174951553 98700 
    77    24.499958      0.17234993 107400 
    78   24.3326492     0.167308807 100800 
    79   24.1675892     0.165060043 105200 
    80   24.0073643     0.160224915 101900 
    81   23.8489838     0.158380508 106800 
    82   23.6948586     0.154125214 99600 
    83   23.5426178     0.152240753 107600 
    84   23.3946247     0.147993088 99300 
    85   23.2483082     0.146316528 108800 
    86   23.1058083     0.142499924 98000 
    87   22.9649582     0.140850067 109900 
    88   22.8278656      0.13709259 97700 
    89   22.6925278      0.13533783 111000 
    90   22.5603199      0.13220787 98000 
    91   22.4305134     0.129806519 107300 
    92   22.3040428     0.126470566 101300 
    93   22.1793156     0.124727249 107500 
    94   22.0572071     0.122108459 98300 
    95   21.9367771     0.120429993 108300 
    96    21.819418     0.117359161 100200 
    97   21.7036705     0.115747452 107000 
    98   21.5906429     0.113027573 99800 
    99   21.4789886     0.111654282 108700 
   100   21.3698349     0.109153748 97900 
   101   21.2619476     0.107887268 109700 
   102   21.1567154     0.105232239 98900 
   103     21.05299     0.103725433 110500 
   104   20.9509563     0.102033615 95700 
   105   20.8503532     0.100603104 114900 
   106   20.7511902    0.0991630554 93600 
   107   20.6538582    0.0973320007 116700 
   108   20.5578461    0.0960121155 92700 
   109    20.463871    0.0939750671 117300 
   110   20.3711243    0.0927467346 94200 
   111   20.2811317    0.0899925232 114300 
   112   20.1919384    0.0891933441 93700 
   113   20.1044922    0.0874462128 115300 
   114   20.0185184    0.0859737396 94100 
   115    19.934124     0.084394455 116600 
   116   19.8505363    0.0835876465 93800 
   117     19.76931    0.0812263489 113400 
   118   19.6891747    0.0801353455 95500 
   119   19.6106358    0.0785388947 114500 
   120   19.5328541    0.0777816772 97000 
   121   19.4575958     0.075258255 107000 
   122   19.3831024    0.0744934082 102300 
   123   19.3103638    0.0727386475 105100 
   124   19.2383804    0.0719833374 103200 
   125   19.1679134    0.0704669952 103900 
   126   19.0982819    0.0696315765 102600 
   127   19.0300617    0.0682201385 105100 
   128   18.9625835    0.0674781799 101400 
   129   18.8964405    0.0661430359 106500 
   130   18.8309841    0.0654563904 99800 
   131   18.7668076    0.0641765594 109600 
   132   18.7030945    0.0637130737 98700 
   133   18.6410122    0.0620822906 109900 
   134   18.5790863    0.0619258881 96200 
   135   18.5186062    0.0604801178 113100 
   136   18.4583836    0.0602226257 96900 
   137   18.4000435    0.0583400726 110000 
   138   18.3419209    0.0581226349 98700 
   139   18.2855015    0.0564193726 108600 
   140   18.2291527    0.0563488007 99900 
   141   18.1744404    0.0547122955 107000 
   142   18.1198578    0.0545825958 99500 
   143   18.0666485    0.0532093048 108100 
   144    18.013628    0.0530204773 101200 
   145    17.962204    0.0514240265 105800 
   146   17.9107227    0.0514812469 103600 
   147    17.860817     0.049905777 99800 
   148   17.8108654    0.0499515533 109200 
   149   17.7622681    0.0485973358 100800 
   150   17.7139053    0.0483627319 110200 
   151   17.6663494    0.0475559235 92200 
   152   17.6186142    0.0477352142 121500 
   153   17.5719223    0.0466918945 90200 
   154   17.5255299    0.0463924408 121400 
   155   17.4801846    0.0453453064 91900 
   156   17.4354477    0.0447368622 117300 
   157   17.3916473     0.043800354 92500 
   158   17.3480358    0.0436115265 122400 
   159   17.3047752    0.0432605743 88500 
   160   17.2618999    0.0428752899 125200 
   161   17.2198944    0.0420055389 89000 
   162   17.1783237    0.0415706635 125200 
   163   17.1373749    0.0409488678 87800 
   164   17.0966396    0.0407352448 127800 
   165   17.0566196     0.040019989 84900 
   166   17.0159588    0.0406608582 138300 
   167   16.9761372    0.0398216248 84000 
   168   16.9370956    0.0390415192 132600 
   169   16.8989487    0.0381469727 87400 
   170   16.8617344    0.0372142792 123000 
   171   16.8253937    0.0363407135 91300 
   172   16.7894154    0.0359783173 120200 
   173    16.754015    0.0354003906 91000 
   174   16.7188606    0.0351543427 121300 
   175   16.6843147    0.0345458984 89300 
   176   16.6496525    0.0346622467 125100 
   177   16.6158237    0.0338287354 89200 
   178   16.5822048     0.033618927 125500 
   179   16.5490322    0.0331726074 87000 
   180   16.5158234     0.033208847 131600 
   181   16.4830074    0.0328159332 83000 
   182   16.4495735    0.0334339142 145400 
   183   16.4163418    0.0332317352 79500 
   184   16.3830757    0.0332660675 151900 
   185   16.3502312    0.0328445435 78700 
   186   16.3178253    0.0324058533 148700 
   187   16.2864761    0.0313491821 81400 
   188   16.2558327    0.0306434631 139100 
   189   16.2259636    0.0298690796 83100 
   190    16.196125     0.029838562 139500 
   191   16.1667976    0.0293273926 84900 
   192   16.1384716    0.0283260345 128200 
   193   16.1106339    0.0278377533 90200 
   194   16.0834446    0.0271892548 119900 
   195   16.0565529    0.0268917084 89200 
   196   16.0295506    0.0270023346 126000 
   197   16.0031109    0.0264396667 86900 
   198   15.9763489    0.0267620087 136800 
   199   15.9494419    0.0269069672 80100 
   200   15.9218864    0.0275554657 154900 
   201   15.8943434    0.0275430679 77100 
   202   15.8669424    0.0274009705 160700 
   203   15.8397245     0.027217865 75500 
   204   15.8121977    0.0275268555 172800 
   205    15.784502    0.0276956558 73400 
   206   15.7570314    0.0274705887 175200 
   207     15.73036    0.0266714096 76500 
   208   15.7055378    0.0248222351 154700 
   209   15.6806421     0.024895668 79400 
   210   15.6569004    0.0237417221 142400 
   211    15.633625    0.0232753754 82300 
   212   15.6105633    0.0230617523 141600 
   213   15.5876894    0.0228738785 83200 
   214   15.5654955    0.0221939087 138800 
   215   15.5430098     0.022485733 81900 
   216   15.5209274    0.0220823288 144800 
   217   15.4984999    0.0224275589 80000 
   218   15.4765368    0.0219631195 148800 
   219   15.4544373    0.0220994949 79700 
   220   15.4329386    0.0214986801 144200 
   221   15.4119015    0.0210371017 81600 
   222   15.3910084    0.0208930969 142500 
   223   15.3703957    0.0206127167 81600 
   224   15.3498964    0.0204992294 149300 
   225   15.3288927    0.0210037231 75200 
   226   15.3065863    0.0223064423 178000 
   227   15.2846498    0.0219364166 72400 
   228   15.2622252    0.0224246979 188200 
   229   15.2401333    0.0220918655 71200 
   230   15.2178555     0.022277832 201500 
   231   15.1948404    0.0230150223 69700 
   232   15.1728573    0.0219831467 201300 
   233   15.1507168    0.0221405029 70200 
   234   15.1294518    0.0212650299 196900 
   235   15.1081533    0.0212984085 69500 
   236   15.0862303    0.0219230652 211900 
   237   15.0646152    0.0216150284 69700 
   238   15.0441837    0.0204315186 196200 
   239   15.0240049    0.0201787949 71200 
   240   15.0044756    0.0195293427 191800 
   241   14.9847107    0.0197649002 71100 
