     1   78.6427917      21.3572083 879600 
     2   69.4298019      9.21298981 225800 
     3   61.2586632      8.17113876 655000 
     4   56.3199883      4.93867493 215000 
     5   52.0094261      4.31056213 793600 
     6   48.5566177      3.45280838 212500 
     7    45.684639      2.87197876 854500 
     8   43.1725731      2.51206589 214000 
     9   41.0668411      2.10573196 826500 
    10   39.1573296      1.90951157 217900 
    11     37.58881      1.56851959 751900 
    12   36.1261711      1.46263885 222900 
    13   34.8846207      1.24155045 697500 
    14   33.7234688      1.16115189 229000 
    15   32.7290344     0.994434357 643900 
    16   31.7815742     0.947460175 234200 
    17   30.9529533     0.828620911 607500 
    18   30.1637611       0.7891922 240300 
    19   29.4701958     0.693565369 570300 
    20    28.802412     0.667783737 248000 
    21   28.2204838     0.581928253 523700 
    22   27.6557407     0.564743042 257800 
    23   27.1582165     0.497524261 488700 
    24   26.6696129     0.488603592 263700 
    25   26.2304821     0.439130783 473300 
    26   25.8005352     0.429946899 269000 
    27   25.4121361     0.388399124 465200 
    28   25.0264397     0.385696411 270700 
    29   24.6797657     0.346673965 457100 
    30    24.334713     0.345052719 271000 
    31   24.0205231     0.314189911 453100 
    32   23.7127361     0.307786942 282600 
    33   23.4381676     0.274568558 413800 
    34   23.1657753     0.272392273 295600 
    35   22.9192104     0.246564865 396000 
    36   22.6734238     0.245786667 307600 
    37   22.4511566     0.222267151 374900 
    38   22.2284298     0.222726822 317500 
    39   22.0257435      0.20268631 363600 
    40   21.8223839     0.203359604 320800 
    41    21.636343     0.186040878 361400 
    42   21.4497528     0.186590195 333700 
    43   21.2792168     0.170536041 341700 
    44   21.1076107     0.171606064 347300 
    45   20.9501915     0.157419205 329800 
    46   20.7914104     0.158781052 361500 
    47   20.6453934     0.146017075 315800 
    48   20.4974575     0.147935867 386100 
    49   20.3603878     0.137069702 299300 
    50   20.2215137     0.138874054 408400 
    51   20.0927162     0.128797531 285500 
    52   19.9606018      0.13211441 439400 
    53    19.838623      0.12197876 275900 
    54   19.7139473     0.124675751 464600 
    55   19.5975494     0.116397858 262500 
    56    19.476181     0.121368408 521400 
    57   19.3616352     0.114545822 249100 
    58   19.2438755     0.117759705 563100 
    59   19.1339722     0.109903336 244200 
    60   19.0229988     0.110973358 583800 
    61   18.9183483     0.104650497 236200 
    62   18.8075104     0.110837936 653200 
    63   18.7042408     0.103269577 231900 
    64   18.6014404     0.102800369 659600 
    65   18.5043011    0.0971393585 225000 
    66   18.3979473      0.10635376 786900 
    67   18.2954369     0.102510452 217300 
    68    18.193718     0.101718903 822200 
    69   18.0962486    0.0974693298 214500 
    70   17.9974308    0.0988178253 855100 
    71   17.9062881    0.0911426544 213800 
    72   17.8132763    0.0930118561 887100 
    73   17.7248535    0.0884227753 211000 
    74   17.6346607    0.0901927948 938900 
    75   17.5485687    0.0860919952 207700 
    76   17.4590321    0.0895366669 1032100 
    77   17.3721943    0.0868377686 207600 
    78   17.2944679    0.0777263641 927100 
    79   17.2204266    0.0740413666 208500 
    80   17.1425533      0.07787323 1026500 
    81   17.0659809    0.0765724182 200000 
    82   16.9770546    0.0889263153 1099700 
    83   16.9147511    0.0623035431 210600 
    84   16.8477287    0.0670223236 969300 
    85    16.784729    0.0629997253 207500 
    86   16.7186127     0.066116333 1021600 
    87   16.6558647    0.0627479553 208000 
    88   16.5969067    0.0589580536 944500 
    89   16.5405693    0.0563373566 210100 
    90   16.4849319    0.0556373596 937300 
    91   16.4310131    0.0539188385 206800 
    92   16.3719215     0.059091568 1076300 
    93   16.3148918    0.0570297241 203700 
    94   16.2578411     0.057050705 1098300 
    95    16.202776     0.055065155 202100 
    96   16.1455173     0.057258606 1099400 
    97   16.0958652    0.0496520996 207300 
    98   16.0482426    0.0476226807 972700 
    99    16.002449    0.0457935333 208800 
   100   15.9569788    0.0454702377 959000 
   101   15.9133406    0.0436382294 207600 
   102   15.8673239    0.0460166931 1028700 
   103   15.8228722    0.0444517136 206900 
   104   15.7799454    0.0429267883 1013700 
   105   15.7367334     0.043211937 204800 
   106   15.6924229    0.0443105698 1075400 
   107   15.6499567    0.0424661636 205700 
   108   15.6094446     0.040512085 1024400 
   109   15.5693636    0.0400810242 205100 
   110   15.5284348    0.0409288406 1070200 
   111   15.4888201    0.0396146774 204100 
   112   15.4487238     0.040096283 1094000 
   113   15.4097843     0.038939476 202600 
   114   15.3694134    0.0403709412 1097800 
   115   15.3332787    0.0361347198 205600 
   116     15.29702    0.0362586975 1034800 
   117   15.2624664    0.0345535278 203100 
   118   15.2235241     0.038942337 1099300 
   119   15.1906815    0.0328426361 205700 
   120   15.1557016    0.0349798203 1088500 
   121   15.1215134    0.0341882706 201600 
   122   15.0846004    0.0369129181 1099600 
   123   15.0540648    0.0305356979 210200 
   124   15.0253162    0.0287485123 924800 
   125   14.9963226    0.0289936066 209600 
