     1   81.1317291      18.8682709 221700 
     2   75.4296036      5.70212555 111100 
     3   71.7917557       3.6378479 175700 
     4   68.7672882      3.02446747 118900 
     5   66.1563187      2.61096954 175700 
     6   63.8154984      2.34082031 119300 
     7   61.7082901      2.10720825 178000 
     8   59.7819557      1.92633438 119400 
     9   58.0176773      1.76427841 179500 
    10   56.3833008      1.63437653 119100 
    11   54.8682861      1.51501465 180400 
    12   53.4580536      1.41023254 119500 
    13   52.1394005      1.31865311 181000 
    14   50.8995895      1.23981094 121100 
    15    49.751133      1.14845657 173900 
    16   48.6633224      1.08781052 122600 
    17   47.6334801      1.02984238 175700 
    18   46.6528664     0.980613708 122800 
    19   45.7273254     0.925540924 173500 
    20   44.8427734     0.884552002 123900 
    21   44.0036583     0.839115143 173100 
    22   43.1959724     0.807685852 124600 
    23   42.4320412     0.763931274 169800 
    24   41.6957893     0.736251831 126500 
    25   40.9962883     0.699501038 167400 
    26   40.3193932     0.676895142 126600 
    27   39.6713066     0.648086548 168400 
    28   39.0447731     0.626533508 128600 
    29   38.4496269     0.595146179 163100 
    30   37.8707047     0.578922272 130600 
    31   37.3184013     0.552303314 159500 
    32    36.781929     0.536472321 133400 
    33   36.2684212     0.513507843 158700 
    34   35.7661057     0.502315521 133000 
    35   35.2859077     0.480197906 158200 
    36   34.8160133     0.469894409 134000 
    37    34.366642     0.449371338 155900 
    38   33.9268074     0.439834595 136800 
    39   33.5065346     0.420272827 152100 
    40   33.0938454     0.412689209 138800 
    41   32.6989288     0.394916534 148400 
    42   32.3111267     0.387802124 145000 
    43   31.9397812      0.37134552 142300 
    44   31.5738087     0.365972519 147300 
    45   31.2236042     0.350204468 143600 
    46    30.878109     0.345495224 146500 
    47   30.5473652      0.33074379 140900 
    48   30.2201633     0.327201843 151200 
    49   29.9071541     0.313009262 139000 
    50   29.5974464     0.309707642 151200 
    51   29.3013096     0.296136856 138100 
    52   29.0074863     0.293823242 154000 
    53   28.7265949     0.280891418 135700 
    54   28.4473801     0.279214859 156600 
    55   28.1807365     0.266643524 134700 
    56   27.9157009     0.265035629 159200 
    57   27.6616821     0.254018784 130600 
    58   27.4080505     0.253631592 165200 
    59   27.1656837     0.242366791 127300 
    60   26.9226303     0.243053436 170800 
    61   26.6909637     0.231666565 126300 
    62   26.4605885      0.23037529 171100 
    63   26.2399025     0.220685959 125500 
    64   26.0205231     0.219379425 170600 
    65    25.811491     0.209032059 126500 
    66   25.6031475     0.208343506 170400 
    67   25.4041634     0.198984146 125800 
    68   25.2052479     0.198915482 171800 
    69   25.0156231     0.189624786 122500 
    70   24.8221512     0.193471909 184500 
    71   24.6374264     0.184724808 116300 
    72   24.4469395     0.190486908 199200 
    73   24.2666664     0.180273056 112400 
    74   24.0811901     0.185476303 212500 
    75   23.9035988     0.177591324 108600 
    76   23.7225189     0.181079865 225000 
    77   23.5486546     0.173864365 105400 
    78   23.3705044     0.178150177 238900 
    79   23.2005501       0.1699543 103000 
    80   23.0263844     0.174165726 252600 
    81   22.8595009     0.166883469 101000 
    82   22.6906796     0.168821335 261400 
    83    22.529644     0.161035538 99200 
    84   22.3630581     0.166585922 276700 
    85   22.2057648      0.15729332 97300 
    86   22.0416718     0.164093018 295600 
    87   21.8857517     0.155920029 94900 
    88   21.7215328     0.164218903 325000 
    89   21.5630112     0.158521652 92800 
    90   21.4030495       0.1599617 334100 
    91   21.2528992     0.150150299 92000 
    92   21.0958004      0.15709877 356200 
    93   20.9467869     0.149013519 91100 
    94   20.7984924     0.148294449 359100 
    95   20.6571045     0.141387939 90600 
    96   20.5138702     0.143234253 372800 
    97   20.3766308     0.137239456 89600 
    98   20.2363949     0.140235901 394300 
    99   20.1012688     0.135126114 89700 
   100   19.9760056     0.125263214 366400 
   101   19.8563271     0.119678497 88700 
   102   19.7202854     0.136041641 435000 
   103   19.5924911     0.127794266 87400 
   104   19.4673004     0.125190735 424000 
   105   19.3499165     0.117383957 86900 
   106   19.2235947     0.126321793 466700 
   107   19.1036243     0.119970322 86600 
   108    18.991436     0.112188339 432700 
   109   18.8861465     0.105289459 85700 
   110   18.7616634     0.124483109 532800 
   111   18.6435051      0.11815834 83800 
   112    18.522028     0.121477127 560600 
   113   18.4069672     0.115060806 83900 
   114   18.2994251     0.107542038 524500 
   115   18.1980667     0.101358414 83600 
   116   18.0863171     0.111749649 596700 
   117   17.9794693     0.106847763 82300 
   118   17.8670158     0.112453461 647300 
   119   17.7605991     0.106416702 81900 
   120   17.6557312     0.104867935 640500 
   121   17.5584564    0.0972747803 79600 
   122   17.3979645     0.160491943 1096900 
   123   17.2540359     0.143928528 77600 
   124   17.0977631     0.156272888 1099900 
   125   16.9794254     0.118337631 78100 
   126     16.84622     0.133205414 1097300 
   127   16.7313175     0.114902496 77200 
   128   16.5853577     0.145959854 1099900 
   129    16.504673    0.0806846619 78700 
   130   16.3916759     0.112997055 1099800 
   131    16.297226    0.0944499969 77900 
   132   16.1983299    0.0988960266 1096500 
   133   16.1080189    0.0903110504 79400 
   134   16.0571098    0.0509090424 537500 
   135   16.0135174     0.043592453 93600 
   136   15.9846115    0.0289058685 264200 
   137   15.9591312    0.0254802704 102200 
   138   15.9322243    0.0269069672 268900 
   139   15.9063253    0.0258989334 97600 
   140   15.8775883    0.0287370682 311900 
   141   15.8494558    0.0281324387 92600 
   142   15.8173475    0.0321083069 371200 
   143   15.7865229    0.0308246613 89000 
   144   15.7510576    0.0354652405 430300 
   145   15.7178659    0.0331916809 87800 
   146   15.6835375    0.0343284607 432900 
   147   15.6509008    0.0326366425 85900 
   148    15.611248    0.0396528244 524900 
   149   15.5748482    0.0363998413 82600 
   150   15.5235453    0.0513029099 760500 
   151   15.4736547    0.0498905182 80100 
   152   15.4189749    0.0546798706 854200 
   153   15.3664131    0.0525617599 79800 
   154   15.3157997    0.0506134033 816100 
   155   15.2682467    0.0475530624 81800 
   156   15.2339249     0.034321785 555200 
   157   15.2011261    0.0327987671 84200 
   158   15.1689291    0.0321969986 534100 
   159    15.138093    0.0308361053 83500 
   160   15.1026707    0.0354223251 618900 
   161    15.068738    0.0339326859 83400 
   162   15.0379839    0.0307540894 552300 
   163   15.0077581    0.0302257538 81200 
   164   14.9611931    0.0465650558 905000 
