     1   80.2451553      19.7548447 473700 
     2   72.8845139      7.36064148 112800 
     3    67.512291       5.3722229 267500 
     4   63.7004395       3.8118515 113800 
     5   60.6200714      3.08036804 271400 
     6   57.8881378      2.73193359 116700 
     7   55.5800629      2.30807495 265000 
     8   53.4668427      2.11322021 119800 
     9   51.6487312      1.81811142 252200 
    10    49.956131      1.69260025 123300 
    11   48.4605293      1.49560165 241700 
    12   47.0498161       1.4107132 125500 
    13   45.7673035      1.28251266 237600 
    14   44.5536461      1.21365738 127900 
    15    43.446846      1.10680008 229700 
    16   42.3892784       1.0575676 130200 
    17   41.4146996     0.974578857 223800 
    18   40.4802704     0.934429169 132400 
    19   39.6124611     0.867809296 217800 
    20   38.7799377     0.832523346 134600 
    21   37.9992447     0.780693054 212600 
    22   37.2513695     0.747875214 138200 
    23   36.5512962     0.700073242 203600 
    24   35.8765259     0.674770355 140900 
    25   35.2376709      0.63885498 201700 
    26   34.6187477     0.618923187 141300 
    27   34.0317192     0.587028503 199800 
    28    33.464447     0.567272186 143400 
    29   32.9264145     0.538032532 197700 
    30    32.401783       0.5246315 144000 
    31   31.9058304     0.495952606 194300 
    32   31.4227009     0.483129501 147000 
    33   30.9662876     0.456413269 188300 
    34   30.5208626     0.445425034 150200 
    35   30.0985546     0.422307968 184800 
    36   29.6851196     0.413434982 152500 
    37   29.2933674     0.391752243 180400 
    38   28.9095078     0.383859634 154900 
    39   28.5446682     0.364839554 178400 
    40   28.1866798     0.357988358 159000 
    41   27.8476658     0.339014053 169200 
    42    27.514267     0.333398819 166000 
    43   27.1973877     0.316879272 167700 
    44   26.8849602     0.312427521 164300 
    45   26.5881577     0.296802521 167400 
    46   26.2951622     0.292995453 164600 
    47   26.0169449     0.278217316 169700 
    48   25.7414913     0.275453568 161300 
    49   25.4800644     0.261426926 172700 
    50   25.2208385     0.259225845 162300 
    51   24.9757957     0.245042801 168600 
    52   24.7321968     0.243598938 165700 
    53   24.5019112     0.230285645 162200 
    54   24.2721939     0.229717255 174200 
    55   24.0551205     0.217073441 158500 
    56   23.8386097     0.216510773 175700 
    57   23.6338673     0.204742432 156500 
    58    23.429266     0.204601288 179400 
    59   23.2357121     0.193553925 154600 
    60   23.0424671     0.193244934 180900 
    61   22.8594265     0.183040619 150500 
    62   22.6755219     0.183904648 190100 
    63   22.5010834     0.174438477 145300 
    64   22.3257847     0.175298691 196200 
    65    22.160202     0.165582657 141100 
    66   21.9917812     0.168420792 209800 
    67   21.8317814     0.159999847 135500 
    68   21.6702843     0.161497116 219600 
    69   21.5166187     0.153665543 131700 
    70   21.3613358     0.155282974 230900 
    71   21.2131157     0.148220062 127200 
    72   21.0618534     0.151262283 248100 
    73   20.9173832     0.144470215 123700 
    74   20.7721672     0.145215988 255600 
    75   20.6343269     0.137840271 120700 
    76   20.4914951     0.142831802 280100 
    77   20.3544788     0.137016296 116600 
    78   20.2155533     0.138925552 295600 
    79   20.0829906     0.132562637 114200 
    80   19.9477558     0.135234833 311500 
    81   19.8197136     0.128042221 113200 
    82   19.6921978     0.127515793 317000 
    83   19.5692711     0.122926712 112800 
    84   19.4499931     0.119277954 311200 
    85   19.3359451     0.114048004 114700 
    86   19.2271233     0.108821869 292000 
    87   19.1233654     0.103757858 114300 
    88   19.0153694     0.107995987 320200 
    89    18.910841     0.104528427 111300 
    90   18.8061008     0.104740143 332700 
    91   18.7054119     0.100688934 108800 
    92   18.5996876     0.105724335 371900 
    93   18.4971714     0.102516174 106900 
    94   18.3974514    0.0997200012 378300 
    95   18.2988548    0.0985965729 105900 
    96   18.2025394    0.0963153839 387700 
    97   18.1087856    0.0937538147 105200 
    98   18.0156651     0.093120575 400800 
    99   17.9254494     0.090215683 104000 
   100   17.8341084    0.0913410187 423500 
   101   17.7460098     0.088098526 101200 
   102    17.648325    0.0976848602 499200 
   103   17.5563736    0.0919513702 100900 
   104   17.4718056    0.0845680237 457400 
   105   17.3892078    0.0825977325 101100 
   106   17.3068867     0.082321167 472300 
   107   17.2277069    0.0791797638 100400 
   108   17.1476059    0.0801010132 500100 
   109   17.0688934    0.0787124634 101100 
   110    16.999649    0.0692443848 441100 
   111   16.9314709    0.0681781769 101900 
   112   16.8634396     0.068031311 462400 
   113   16.7963905    0.0670490265 101200 
   114   16.7310982    0.0652923584 462400 
   115   16.6681385     0.062959671 102700 
   116   16.6102772    0.0578613281 418500 
   117   16.5539494    0.0563278198 105000 
   118   16.5015392    0.0524101257 383300 
   119   16.4506683    0.0508708954 105700 
   120   16.3990993     0.051568985 395900 
   121   16.3492298    0.0498695374 105200 
   122   16.2995224    0.0497074127 400400 
   123   16.2510796    0.0484428406 104400 
   124   16.2020302    0.0490493774 414900 
   125    16.154541    0.0474891663 105200 
   126   16.1098518    0.0446891785 390600 
   127   16.0652676    0.0445842743 106500 
   128   16.0235443    0.0417232513 369100 
   129   15.9822598    0.0412845612 107300 
   130   15.9417171    0.0405426025 374400 
   131   15.9011765    0.0405406952 105600 
   132   15.8597622    0.0414142609 407500 
   133   15.8184233    0.0413389206 102800 
   134   15.7749462    0.0434770584 451200 
   135     15.73316    0.0417861938 102500 
   136    15.692502    0.0406579971 439600 
   137    15.652585    0.0399169922 101400 
   138   15.6104031    0.0421819687 495500 
   139   15.5679255    0.0424776077 100500 
   140   15.5287008    0.0392246246 466800 
   141   15.4899836    0.0387172699 101800 
   142   15.4531717    0.0368118286 446300 
   143   15.4169264    0.0362453461 102000 
   144   15.3806763    0.0362501144 468400 
   145   15.3436899     0.036986351 101600 
   146   15.3094549    0.0342350006 440100 
   147     15.27596    0.0334949493 101400 
   148   15.2402697    0.0356903076 491000 
   149   15.2050381    0.0352315903 100200 
   150   15.1706219    0.0344161987 491200 
   151   15.1365938    0.0340280533 103800 
   152   15.1091013    0.0274925232 373300 
   153   15.0812912    0.0278100967 107200 
   154   15.0543451    0.0269460678 369700 
   155   15.0275249    0.0268201828 108000 
   156   15.0017576    0.0257673264 355500 
   157   14.9763193    0.0254383087 111700 
