     1   83.6564484      16.3435516 22500 
     2   80.6984329      2.95801544 15500 
     3   78.7753372       1.9230957 28400 
     4   77.3168488      1.45848846 16400 
     5   76.0076141      1.30923462 30500 
     6   74.8394699      1.16814423 16300 
     7    73.738945       1.1005249 31100 
     8   72.7377319      1.00121307 16500 
     9   71.7868805      0.95085144 30700 
    10   70.9003983     0.886482239 16500 
    11    70.045517     0.854881287 31000 
    12   69.2444534     0.801063538 16400 
    13   68.4602737     0.784179688 31700 
    14   67.7231827     0.737091064 16200 
    15   66.9937286     0.729454041 33000 
    16   66.2992859     0.694442749 15800 
    17   65.6035156     0.695770264 34800 
    18   64.9459305     0.657585144 15600 
    19   64.2938385      0.65209198 35700 
    20   63.6698418     0.623996735 15400 
    21   63.0500603     0.619781494 36600 
    22   62.4596672     0.590393066 15300 
    23   61.8719826     0.587684631 37100 
    24   61.3128242     0.559158325 15200 
    25   60.7498474     0.562976837 38300 
    26   60.2083092     0.541538239 15200 
    27   59.6864777     0.521831512 37400 
    28   59.1755676     0.510910034 15000 
    29   58.6535225     0.522045135 40000 
    30   58.1503983     0.503124237 14900 
    31   57.6573906      0.49300766 39400 
    32   57.1812096      0.47618103 15000 
    33   56.7149887     0.466220856 38800 
    34   56.2614632     0.453525543 15000 
    35   55.8104324     0.451030731 38900 
    36   55.3767395     0.433692932 15300 
    37   54.9657745     0.410964966 35700 
    38   54.5666351     0.399139404 15700 
    39   54.1790886     0.387546539 34800 
    40   53.7950974     0.383991241 15700 
    41   53.4177322     0.377365112 35100 
    42   53.0445099     0.373222351 15700 
    43   52.6799965     0.364513397 34400 
    44   52.3247604     0.355236053 15900 
    45    51.975174     0.349586487 34200 
    46   51.6283112     0.346862793 15600 
    47   51.2739601     0.354351044 36300 
    48   50.9287491     0.345211029 15700 
    49   50.5982056     0.330543518 34300 
    50   50.2699089     0.328296661 15800 
    51   49.9457932     0.324115753 34800 
    52   49.6235237      0.32226944 15700 
    53   49.3055611     0.317962646 35200 
    54   48.9900665     0.315494537 15700 
    55    48.681942     0.308124542 35000 
    56   48.3747826     0.307159424 15700 
    57   48.0739784     0.300804138 34800 
    58   47.7767715     0.297206879 15800 
    59   47.4856644     0.291107178 34200 
    60   47.1986885     0.286975861 16100 
    61   46.9233513     0.275337219 32600 
    62   46.6482162      0.27513504 16000 
    63   46.3701057     0.278110504 34700 
    64   46.0921249     0.277980804 15800 
    65   45.8217621     0.270362854 34200 
    66   45.5532036     0.268558502 15800 
    67   45.2858047     0.267398834 34800 
    68   45.0213776     0.264427185 15900 
    69   44.7657127     0.255664825 33600 
    70   44.5110054     0.254707336 16200 
    71   44.2670784     0.243927002 31800 
    72   44.0252609     0.241817474 16600 
    73   43.7904282     0.234832764 31200 
    74   43.5538101     0.236618042 16500 
    75   43.3208427     0.232967377 32100 
    76   43.0856171     0.235225677 16400 
    77   42.8581161     0.227500916 31600 
    78   42.6303787     0.227737427 16700 
    79    42.411953     0.218425751 30500 
    80   42.1914101     0.220542908 17000 
    81   41.9807968     0.210613251 28800 
    82   41.7711601     0.209636688 17600 
    83   41.5678177     0.203342438 28300 
    84   41.3616371     0.206180573 17400 
    85   41.1596069     0.202030182 28600 
    86    40.957962     0.201644897 17500 
    87   40.7602921     0.197669983 28400 
    88   40.5627213     0.197570801 17900 
    89   40.3732452     0.189476013 26800 
    90    40.182476     0.190769196 18400 
    91   39.9982758     0.184200287 25800 
    92   39.8130264     0.185249329 19100 
    93   39.6347389     0.178287506 24700 
    94   39.4539642     0.180774689 19400 
    95   39.2792206     0.174743652 24500 
    96   39.1015472      0.17767334 19700 
    97   38.9307594     0.170787811 23400 
    98   38.7575455     0.173213959 20700 
    99   38.5908051     0.166740417 22200 
   100   38.4211121     0.169692993 21700 
   101   38.2571068      0.16400528 21000 
   102   38.0898666     0.167240143 23400 
   103   37.9270287     0.162837982 19600 
   104   37.7606735     0.166355133 24500 
   105   37.5997734     0.160900116 19300 
   106   37.4355278     0.164245605 24700 
   107    37.277256      0.15827179 18900 
   108   37.1134567     0.163799286 26500 
   109   36.9538651     0.159591675 18000 
   110   36.7899704     0.163894653 27800 
   111   36.6306953     0.159275055 17700 
   112    36.469017     0.161678314 28100 
   113   36.3115654      0.15745163 17500 
   114   36.1510887     0.160476685 29200 
   115   35.9929047     0.158184052 16500 
   116   35.8236465     0.169258118 33400 
   117   35.6592636     0.164382935 15800 
   118   35.4874954     0.171768188 35200 
   119   35.3219337     0.165561676 15600 
   120   35.1520996     0.169834137 36000 
   121   34.9865112     0.165588379 15300 
   122   34.8139915     0.172519684 37700 
   123     34.64814     0.165851593 15200 
   124   34.4789314     0.169208527 38200 
   125    34.313282     0.165649414 14800 
   126   34.1353569      0.17792511 42000 
   127   33.9642754     0.171081543 14500 
   128   33.7855759     0.178699493 43400 
   129   33.6145248     0.171051025 14200 
   130   33.4271507     0.187374115 48500 
   131   33.2443466     0.182804108 13600 
   132   33.0348129     0.209533691 57200 
   133   32.8350525     0.199760437 13100 
   134   32.6008568     0.234195709 69100 
   135   32.3712158     0.229640961 12700 
   136   32.1209908     0.250225067 76000 
   137   31.8830433     0.237947464 12400 
   138   31.5893745     0.293668747 95400 
   139   31.3080883      0.28128624 12100 
   140    30.989027     0.319061279 109700 
   141   30.6806393     0.308387756 12000 
   142   30.3742733     0.306365967 109200 
   143   30.0795784     0.294694901 11900 
   144   29.7363701     0.343208313 130200 
   145   29.4026966     0.333673477 11700 
   146   29.0144691     0.388227463 155000 
   147   28.6441021      0.37036705 11600 
   148   28.2570686     0.387033463 162100 
   149   27.8952179     0.361850739 11600 
   150   27.5774517      0.31776619 137500 
   151    27.289093     0.288358688 12500 
   152   27.1501179     0.138975143 48900 
   153   27.0312519     0.118865967 16100 
   154    26.931551    0.0997009277 33100 
   155   26.8383503    0.0932006836 15900 
   156   26.7386856    0.0996646881 35000 
   157   26.6439533    0.0947322845 15200 
   158   26.5364056      0.10754776 40400 
   159   26.4353752      0.10103035 14400 
   160   26.3174057     0.117969513 47600 
   161    26.206398      0.11100769 13700 
   162   26.0750141     0.131383896 57000 
   163   25.9496727     0.125341415 13200 
   164   25.8085041     0.141168594 63600 
   165   25.6756687     0.132835388 12900 
   166   25.5233021     0.152366638 72100 
   167   25.3791656     0.144136429 12600 
   168   25.2123318     0.166833878 82500 
   169   25.0554085     0.156923294 12300 
   170   24.8641167     0.191291809 100200 
   171   24.6828003     0.181316376 12000 
   172   24.4605236     0.222276688 121900 
   173   24.2534714     0.207052231 11900 
   174   24.0445957     0.208875656 119300 
   175   23.8475685     0.197027206 11800 
   176    23.606842     0.240726471 145600 
   177   23.3794994     0.227342606 11500 
   178   23.0319195     0.347579956 226700 
   179   22.7060528     0.325866699 11500 
   180   22.5419006     0.164152145 101200 
   181   22.4022808     0.139619827 14300 
   182   22.3272057    0.0750751495 36600 
   183   22.2614594    0.0657463074 15300 
   184    22.187067    0.0743923187 41400 
   185   22.1167183    0.0703487396 14300 
   186   22.0354042    0.0813140869 46900 
   187   21.9615803    0.0738239288 13700 
   188   21.8684883    0.0930919647 58700 
   189    21.781786    0.0867023468 13100 
   190   21.6802883      0.10149765 68800 
   191   21.5817337    0.0985546112 12500 
   192   21.4500408     0.131692886 95300 
   193   21.3247395     0.125301361 12000 
   194   21.1562119     0.168527603 129500 
   195   20.9971981     0.159013748 11700 
   196   20.7961521      0.20104599 162900 
   197   20.6098728     0.186279297 11500 
   198   20.4278069     0.182065964 151600 
   199   20.2683544     0.159452438 13300 
   200   20.2038193     0.064535141 34500 
   201   20.1552277    0.0485916138 17900 
   202   20.1050491    0.0501785278 29600 
   203   20.0597363    0.0453128815 16400 
   204   20.0070419    0.0526943207 34600 
   205   19.9583836     0.048658371 15300 
   206   19.9018612    0.0565223694 39800 
   207   19.8498631    0.0519981384 14200 
   208    19.782383    0.0674800873 54100 
   209   19.7177696    0.0646133423 13000 
   210    19.628746    0.0890235901 76900 
   211   19.5464096    0.0823364258 12400 
   212   19.4410381     0.105371475 98100 
   213   19.3405895     0.100448608 12000 
   214   19.2113476     0.129241943 125200 
   215   19.0925369     0.118810654 11600 
   216   18.8864632     0.206073761 218700 
   217   18.6934872     0.192975998 11200 
   218   18.2748508     0.418636322 483600 
   219   17.9003334     0.374517441 11000 
   220   17.4760361     0.424297333 559900 
   221   17.1339684     0.342067719 13000 
   222   17.0772438    0.0567245483 21400 
   223   17.0514526    0.0257911682 21400 
   224   17.0228329    0.0286197662 24000 
   225   16.9969463    0.0258865356 18500 
   226   16.9676533    0.0292930603 27500 
   227   16.9412289     0.026424408 17000 
   228   16.9101028    0.0311260223 33100 
   229   16.8815842    0.0285186768 15600 
   230   16.8483467    0.0332374573 37800 
   231   16.8182297    0.0301170349 14600 
   232   16.7804718    0.0377578735 47700 
   233    16.745533    0.0349388123 13600 
   234   16.7015305     0.044002533 60900 
   235   16.6597538    0.0417766571 12900 
   236   16.6083508    0.0514030457 75400 
   237    16.559866    0.0484848022 12300 
   238   16.4900131     0.069852829 110900 
   239   16.4240417    0.0659713745 11900 
   240   16.3441162    0.0799255371 133400 
   241   16.2688026    0.0753135681 11700 
   242   16.1766052    0.0921974182 162400 
   243    16.089941    0.0866641998 11400 
   244   15.9347372     0.155203819 297000 
   245   15.7902107     0.144526482 11100 
   246   15.5646248     0.225585938 469900 
   247   15.3778505     0.186774254 12300 
   248   15.3462143    0.0316362381 26400 
   249   15.3277578     0.018456459 22400 
   250   15.3093338    0.0184240341 22100 
   251   15.2925549    0.0167789459 21000 
   252   15.2744961    0.0180587769 22000 
   253   15.2579279    0.0165681839 21800 
   254   15.2400808    0.0178470612 21500 
   255   15.2236347    0.0164461136 21100 
   256   15.2059078    0.0177268982 23300 
   257   15.1895609    0.0163469315 19900 
   258   15.1719227    0.0176382065 24300 
   259   15.1556435    0.0162792206 19600 
   260   15.1381865    0.0174570084 24800 
   261   15.1219368    0.0162496567 18700 
   262   15.1043072    0.0176296234 26500 
   263   15.0879974    0.0163097382 18100 
   264   15.0703382    0.0176591873 27300 
   265   15.0541496    0.0161886215 17900 
   266   15.0365887    0.0175609589 28000 
   267   15.0203781     0.016210556 17200 
   268   15.0022774    0.0181007385 31600 
   269   14.9852037    0.0170736313 16200 
