     1   79.2114563      20.7885437 550300 
     2   70.9115372      8.29991913 232200 
     3   65.4724808       5.4390564 459200 
     4   61.2680779      4.20440292 244700 
     5   57.7518234      3.51625443 464000 
     6   54.7695999      2.98222351 245200 
     7   52.1601448      2.60945511 476900 
     8   49.8468742      2.31327057 242400 
     9   47.7547874      2.09208679 501100 
    10   45.8610954      1.89369202 239800 
    11   44.1475945      1.71350098 508900 
    12   42.5829468      1.56464767 241200 
    13   41.1705475      1.41239929 499300 
    14   39.8674164       1.3031311 242400 
    15   38.6589317      1.20848465 507900 
    16   37.5292892      1.12964249 242700 
    17   36.4986267      1.03066254 497800 
    18   35.5306435     0.967983246 246700 
    19   34.6495209     0.881122589 477900 
    20   33.8190842     0.830436707 250000 
    21   33.0446625     0.774421692 480300 
    22   32.3053741      0.73928833 249300 
    23   31.6188221     0.686552048 480700 
    24   30.9618893     0.656932831 251500 
    25   30.3594856     0.602403641 461500 
    26   29.7865067     0.572978973 257800 
    27   29.2557125     0.530794144 446900 
    28   28.7468586     0.508853912 262200 
    29   28.2745514     0.472307205 435500 
    30   27.8195496     0.455001831 266900 
    31   27.3981247     0.421424866 421300 
    32   26.9908695     0.407255173 272900 
    33   26.6131344     0.377735138 405700 
    34   26.2476444      0.36548996 278900 
    35   25.9061604      0.34148407 398200 
    36   25.5741539     0.332006454 285700 
    37   25.2667065     0.307447433 376200 
    38   24.9675064     0.299200058 297500 
    39   24.6884003      0.27910614 362300 
    40   24.4152794      0.27312088 308400 
    41   24.1610031     0.254276276 348400 
    42   23.9104729     0.250530243 308200 
    43   23.6755295      0.23494339 359900 
    44   23.4434566      0.23207283 304400 
    45   23.2268925     0.216564178 359000 
    46   23.0126457      0.21424675 309600 
    47   22.8135757     0.199069977 340900 
    48   22.6165371     0.197038651 324700 
    49   22.4327602     0.183776855 330100 
    50   22.2500229      0.18273735 334400 
    51   22.0796471     0.170375824 321300 
    52   21.9097042     0.169942856 346900 
    53   21.7509727     0.158731461 305200 
    54   21.5913887     0.159584045 375800 
    55   21.4412594     0.150129318 285500 
    56    21.289938     0.151321411 397500 
    57    21.148962     0.140975952 279000 
    58   21.0065231     0.142438889 411700 
    59   20.8736534      0.13286972 271700 
    60   20.7387962     0.134857178 435500 
    61   20.6116295     0.127166748 261800 
    62   20.4831638     0.128465652 455000 
    63   20.3627892      0.12037468 254800 
    64   20.2394047     0.123384476 479200 
    65   20.1249619     0.114442825 250400 
    66   20.0081272     0.116834641 494600 
    67   19.8993454     0.108781815 245800 
    68   19.7878609     0.111484528 520000 
    69   19.6828461     0.105014801 237600 
    70   19.5734196     0.109426498 570100 
    71    19.469698     0.103721619 231900 
    72   19.3661633     0.103534698 577300 
    73   19.2690372    0.0971260071 229600 
    74   19.1691303    0.0999069214 610100 
    75   19.0747032    0.0944271088 227200 
    76   18.9814892     0.093214035 600000 
    77    18.894577    0.0869121552 228100 
    78   18.8064194    0.0881576538 607400 
    79   18.7240753    0.0823440552 229500 
    80    18.643301    0.0807743073 596300 
    81   18.5652695    0.0780315399 222100 
    82   18.4799538    0.0853157043 704100 
    83   18.3984623    0.0814914703 210200 
    84   18.3051624    0.0932998657 850800 
    85   18.2188339    0.0863285065 203800 
    86   18.1261654    0.0926685333 925500 
    87   18.0398788    0.0862865448 202500 
    88   17.9552917    0.0845870972 911300 
    89   17.8747177    0.0805740356 197400 
    90   17.7779655    0.0967521667 1098200 
    91   17.6953182    0.0826473236 196400 
    92   17.6094761    0.0858421326 1078600 
    93   17.5306549    0.0788211823 195600 
    94    17.448864    0.0817909241 1099900 
    95    17.373951    0.0749130249 194800 
    96   17.2953587    0.0785923004 1099600 
    97   17.2269058    0.0684528351 192400 
    98   17.1438999    0.0830059052 1099900 
    99   17.0882854    0.0556144714 198600 
   100     17.01754    0.0707454681 1099900 
   101    16.957365     0.060174942 195900 
   102    16.891325    0.0660400391 1099900 
   103    16.833292    0.0580329895 194000 
   104   16.7666588    0.0666332245 1099600 
   105   16.7157326    0.0509262085 198900 
   106   16.6596107    0.0561218262 1062000 
   107   16.6065712    0.0530395508 195800 
   108    16.550209    0.0563621521 1098300 
   109   16.4993725    0.0508365631 193500 
   110   16.4405098    0.0588626862 1099600 
   111   16.3967457    0.0437641144 201700 
   112   16.3518085    0.0449371338 966200 
   113   16.3080635    0.0437450409 198200 
   114   16.2601986    0.0478649139 1094200 
   115   16.2136936    0.0465049744 192600 
   116   16.1608086    0.0528850555 1099700 
   117   16.1225758    0.0382328033 201500 
   118   16.0814724     0.041103363 980700 
   119   16.0425911    0.0388813019 199900 
   120   16.0024376    0.0401535034 1020500 
   121   15.9627934    0.0396442413 199300 
   122   15.9250278    0.0377655029 988200 
   123   15.8875647    0.0374631882 195000 
   124   15.8429098    0.0446548462 1099900 
   125   15.8081646    0.0347452164 201000 
   126   15.7728281    0.0353364944 967700 
   127   15.7388802    0.0339479446 199300 
   128   15.7024546    0.0364255905 1043500 
   129   15.6674385    0.0350160599 198700 
   130    15.633358    0.0340805054 986800 
   131   15.6011496    0.0322084427 199600 
   132   15.5674505    0.0336990356 1015300 
   133   15.5352516    0.0321989059 194600 
   134   15.4962568    0.0389947891 1099900 
   135    15.466897    0.0293598175 201300 
   136   15.4360056    0.0308914185 981800 
   137   15.4063282    0.0296773911 198900 
   138   15.3744755    0.0318527222 1061000 
   139   15.3435383    0.0309371948 197000 
   140   15.3121023    0.0314359665 1046700 
   141   15.2830648    0.0290374756 201000 
   142   15.2560968    0.0269680023 925000 
   143   15.2296629    0.0264339447 206200 
   144   15.2059193    0.0237436295 807400 
   145   15.1825886    0.0233306885 206700 
   146   15.1572962    0.0252923965 900000 
   147   15.1325312    0.0247650146 203400 
   148   15.1071367    0.0253944397 921300 
   149   15.0826511    0.0244855881 201300 
   150   15.0561419     0.026509285 1022200 
   151   15.0296717    0.0264701843 197300 
   152   15.0020962    0.0275754929 1093000 
   153     14.97505    0.0270462036 193700 
